0.684,-0.432,0.588,-2.8,-0.432,0.41,0.803,-30.27,-0.588,-0.803,0.094,-252.56,0,0,0,1
0.681,-0.436,0.589,-2.79,-0.436,0.404,0.804,-30.2,-0.589,-0.804,0.085,-252.28,0,0,0,1
0.675,-0.44,0.592,-2.75,-0.44,0.404,0.802,-30.33,-0.592,-0.802,0.079,-252.88,0,0,0,1
